{
 "cells": [
  {
   "cell_type": "markdown",
   "metadata": {},
   "source": [
    "## import data_file as python"
   ]
  },
  {
   "cell_type": "code",
   "execution_count": 2,
   "metadata": {},
   "outputs": [],
   "source": [
    "def n10_k3_c5000_l10000_u10100_r46():\n",
    "  knapsack_capacity = 5000\n",
    "  min_speed = 10000\n",
    "  max_speed = 10100\n",
    "  renting_ratio = 46\n",
    "  distances = [\n",
    "      [   0,  50, 547, 256, 390, 220, 738, 273, 389, 361 ],\n",
    "      [  50,   0, 595, 255, 434, 266, 788, 253, 420, 337 ],\n",
    "      [ 547, 595,   0, 552, 416, 410, 222, 651, 326, 722 ],\n",
    "      [ 256, 255, 552,   0, 580, 410, 772, 103, 260, 172 ],\n",
    "      [ 390, 434, 416, 580,   0, 175, 500, 640, 528, 730 ],\n",
    "      [ 220, 266, 410, 410, 175,   0, 563, 465, 405, 556 ],\n",
    "      [ 738, 788, 222, 772, 500, 563,   0, 870, 547, 943 ],\n",
    "      [ 273, 253, 651, 103, 640, 465, 870,   0, 362,  91 ],\n",
    "      [ 389, 420, 326, 260, 528, 405, 547, 362,   0, 416 ],\n",
    "      [ 361, 337, 722, 172, 730, 556, 943,  91, 416,   0 ],\n",
    "    ]\n",
    "  items = [\n",
    "      {'profit': 9665, 'weight': 6534, 'city':  2},\n",
    "      {'profit': 5393, 'weight': 3700, 'city':  2},\n",
    "      {'profit': 3324, 'weight': 9110, 'city':  2},\n",
    "      {'profit': 4823, 'weight': 2656, 'city':  3},\n",
    "      {'profit': 8968, 'weight': 9789, 'city':  3},\n",
    "      {'profit': 7715, 'weight': 1925, 'city':  3},\n",
    "      {'profit': 1743, 'weight': 3194, 'city':  4},\n",
    "      {'profit': 3432, 'weight': 4325, 'city':  4},\n",
    "      {'profit': 4604, 'weight': 3877, 'city':  4},\n",
    "      {'profit': 2220, 'weight': 3815, 'city':  5},\n",
    "      {'profit': 5965, 'weight': 9176, 'city':  5},\n",
    "      {'profit': 5152, 'weight': 5809, 'city':  5},\n",
    "      {'profit': 3181, 'weight': 3473, 'city':  6},\n",
    "      {'profit': 6830, 'weight':  658, 'city':  6},\n",
    "      {'profit': 1792, 'weight': 3607, 'city':  6},\n",
    "      {'profit': 7552, 'weight': 8732, 'city':  7},\n",
    "      {'profit': 2971, 'weight': 7032, 'city':  7},\n",
    "      {'profit': 9780, 'weight': 6878, 'city':  7},\n",
    "      {'profit': 5816, 'weight': 8150, 'city':  8},\n",
    "      {'profit': 7851, 'weight': 9291, 'city':  8},\n",
    "      {'profit': 3842, 'weight': 9504, 'city':  8},\n",
    "      {'profit': 4843, 'weight': 3579, 'city':  9},\n",
    "      {'profit': 8989, 'weight': 9904, 'city':  9},\n",
    "      {'profit': 1001, 'weight': 9343, 'city':  9},\n",
    "      {'profit': 5358, 'weight': 4294, 'city': 10},\n",
    "      {'profit': 7725, 'weight': 5857, 'city': 10},\n",
    "      {'profit':  277, 'weight': 2654, 'city': 10}\n",
    "  ];\n",
    "\n",
    "#   items = {0: {'city': 2, 'profit': 9665, 'weight': 6534},\n",
    "#  1: {'city': 3, 'profit': 4823, 'weight': 2656},\n",
    "#  2: {'city': 4, 'profit': 1743, 'weight': 3194},\n",
    "#  3: {'city': 5, 'profit': 2220, 'weight': 3815},\n",
    "#  4: {'city': 6, 'profit': 3181, 'weight': 3473},\n",
    "#  5: {'city': 7, 'profit': 7552, 'weight': 8732},\n",
    "#  6: {'city': 8, 'profit': 5816, 'weight': 8150},\n",
    "#  7: {'city': 9, 'profit': 4843, 'weight': 3579},\n",
    "#  8: {'city': 10, 'profit': 5358, 'weight': 4294},\n",
    "#  9: {'city': 2, 'profit': 5393, 'weight': 3700},\n",
    "#  10: {'city': 3, 'profit': 8968, 'weight': 9789},\n",
    "#  11: {'city': 4, 'profit': 3432, 'weight': 4325},\n",
    "#  12: {'city': 5, 'profit': 5965, 'weight': 9176},\n",
    "#  13: {'city': 6, 'profit': 6830, 'weight': 658},\n",
    "#  14: {'city': 7, 'profit': 2971, 'weight': 7032},\n",
    "#  15: {'city': 8, 'profit': 7851, 'weight': 9291},\n",
    "#  16: {'city': 9, 'profit': 8989, 'weight': 9904},\n",
    "#  17: {'city': 10, 'profit': 7725, 'weight': 5857},\n",
    "#  18: {'city': 2, 'profit': 3324, 'weight': 9110},\n",
    "#  19: {'city': 3, 'profit': 7715, 'weight': 1925},\n",
    "#  20: {'city': 4, 'profit': 4604, 'weight': 3877},\n",
    "#  21: {'city': 5, 'profit': 5152, 'weight': 5809},\n",
    "#  22: {'city': 6, 'profit': 1792, 'weight': 3607},\n",
    "#  23: {'city': 7, 'profit': 9780, 'weight': 6878},\n",
    "#  24: {'city': 8, 'profit': 3842, 'weight': 9504},\n",
    "#  25: {'city': 9, 'profit': 1001, 'weight': 9343},\n",
    "#  26: {'city': 10, 'profit': 277, 'weight': 2654}}\n",
    "  return knapsack_capacity, min_speed, max_speed, renting_ratio, distances, items\n",
    "\n",
    "def n20_k3_c10000_l100_u200_r81():\n",
    "  knapsack_capacity = 10000\n",
    "  min_speed = 100\n",
    "  max_speed = 200\n",
    "  renting_ratio = 81\n",
    "  distances = [\n",
    "    [   0,  574,  781,  779,  484,  411,  711,   91,  804,  864,  583,  604,  447,  242,  546,  491,  600,  701,  433,  983 ],\n",
    "    [ 574,    0,  779,  322,  270,  506,  581,  497,  457,  291,  240,  113,  148,  602,   92,   85,  345,  575,  149,  512 ],\n",
    "    [ 781,  779,    0,  620,  962,  381,  216,  797,  470,  902,  546,  891,  806,  553,  848,  767, 1082,  218,  700,  695 ],\n",
    "    [ 779,  322,  620,    0,  592,  519,  404,  725,  172,  291,  198,  418,  451,  704,  414,  381,  662,  403,  383,  206 ],\n",
    "    [ 484,  270,  962,  592,    0,  619,  791,  393,  716,  506,  475,  202,  161,  618,  180,  221,  130,  782,  266,  781 ],\n",
    "    [ 411,  506,  381,  519,  619,    0,  306,  418,  467,  728,  342,  602,  479,  219,  547,  462,  746,  296,  383,  690 ],\n",
    "    [ 711,  581,  216,  404,  791,  306,    0,  703,  263,  687,  342,  694,  630,  522,  658,  581,  903,   10,  524,  497 ],\n",
    "    [ 91,   497,  797,  725,  393,  418,  703,    0,  767,  787,  533,  519,  364,  290,  461,  412,  510,  693,  361,  930 ],\n",
    "    [ 804,  457,  470,  172,  716,  467,  263,  767,    0,  461,  250,  564,  561,  678,  548,  495,  802,  265,  472,  238 ],\n",
    "    [ 864,  291,  902,  291,  506,  728,  687,  787,  461,    0,  391,  304,  432,  867,  344,  375,  518,  684,  433,  367 ],\n",
    "    [ 583,  240,  546,  198,  475,  342,  342,  533,  250,  391,    0,  354,  316,  510,  322,  255,  575,  336,  222,  400 ],\n",
    "    [ 604,  113,  891,  418,  202,  602,  694,  519,  564,  304,  354,    0,  158,  671,   61,  141,  245,  688,  222,  591 ],\n",
    "    [ 447,  148,  806,  451,  161,  479,  630,  364,  561,  432,  316,  158,    0,  520,   98,   71,  276,  622,  106,  649 ],\n",
    "    [ 242,  602,  553,  704,  618,  219,  522,  290,  678,  867,  510,  671,  520,    0,  611,  533,  747,  512,  455,  891 ],\n",
    "    [ 546,   92,  848,  414,  180,  547,  658,  461,  548,  344,  322,  61,    98,  611,    0,   85,  255,  651,  165,  600 ],\n",
    "    [ 491,   85,  767,  381,  221,  462,  581,  412,  495,  375,  255,  141,   71,  533,   85,    0,  322,  574,   81,  579 ],\n",
    "    [ 600,  345, 1082,  662,  130,  746,  903,  510,  802,  518,  575,  245,  276,  747,  255,  322,    0,  895,  382,  835 ],\n",
    "    [ 701,  575,  218,  403,  782,  296,   10,  693,  265,  684,  336,  688,  622,  512,  651,  574,  895,    0,  516,  500 ],\n",
    "    [ 983,  512,  695,  206,  781,  690,  497,  930,  238,  367,  400,  591,  649,  891,  600,  579,  835,  500,  588,    0 ],\n",
    "    [ 433,  149,  700,  383,  266,  383,  524,  361,  472,  433,  222,  222,  106,  455,  165,   81,  382,  516,    0,  588 ],\n",
    "  ]\n",
    "\n",
    "  items = [\n",
    "      {'profit': 8538, 'weight': 2669, 'city':  2},\n",
    "      {'profit': 7905, 'weight': 3909, 'city':  2},\n",
    "      {'profit': 9282, 'weight': 8295, 'city':  2},\n",
    "      {'profit': 7616, 'weight': 1421, 'city':  3},\n",
    "      {'profit': 2963, 'weight': 5992, 'city':  3},\n",
    "      {'profit': 5596, 'weight': 7664, 'city':  3},\n",
    "      {'profit': 3180, 'weight': 1297, 'city':  4},\n",
    "      {'profit': 9590, 'weight': 7714, 'city':  4},\n",
    "      {'profit': 1788, 'weight':  771, 'city':  4},\n",
    "      {'profit': 9833, 'weight':  845, 'city':  5},\n",
    "      {'profit': 9476, 'weight': 6121, 'city':  5},\n",
    "      {'profit': 2006, 'weight': 4944, 'city':  5},\n",
    "      {'profit': 2285, 'weight': 5523, 'city':  6},\n",
    "      {'profit': 6201, 'weight': 4137, 'city':  6},\n",
    "      {'profit': 2817, 'weight': 1930, 'city':  6},\n",
    "      {'profit': 1580, 'weight': 5729, 'city':  7},\n",
    "      {'profit': 3348, 'weight': 1491, 'city':  7},\n",
    "      {'profit': 2620, 'weight': 6089, 'city':  7},\n",
    "      {'profit': 2861, 'weight': 1992, 'city':  8},\n",
    "      {'profit': 4046, 'weight': 7798, 'city':  8},\n",
    "      {'profit': 7553, 'weight': 2787, 'city':  8},\n",
    "      {'profit': 7931, 'weight': 1898, 'city':  9},\n",
    "      {'profit': 1241, 'weight': 7812, 'city':  9},\n",
    "      {'profit': 1827, 'weight': 8682, 'city':  9},\n",
    "      {'profit': 5866, 'weight': 6913, 'city': 10},\n",
    "      {'profit': 6889, 'weight': 5444, 'city': 10},\n",
    "      {'profit': 5827, 'weight':  665, 'city': 10},\n",
    "      {'profit': 6024, 'weight': 8422, 'city': 11},\n",
    "      {'profit': 5534, 'weight': 7421, 'city': 11},\n",
    "      {'profit':  666, 'weight': 2669, 'city': 11},\n",
    "      {'profit': 2768, 'weight': 2294, 'city': 12},\n",
    "      {'profit': 1826, 'weight': 2785, 'city': 12},\n",
    "      {'profit': 5054, 'weight': 5841, 'city': 12},\n",
    "      {'profit': 3950, 'weight': 3904, 'city': 13},\n",
    "      {'profit': 9961, 'weight': 5755, 'city': 13},\n",
    "      {'profit':  579, 'weight': 9657, 'city': 13},\n",
    "      {'profit': 5519, 'weight': 9591, 'city': 14},\n",
    "      {'profit': 2600, 'weight': 1281, 'city': 14},\n",
    "      {'profit': 1465, 'weight': 6130, 'city': 14},\n",
    "      {'profit': 9415, 'weight': 8788, 'city': 15},\n",
    "      {'profit': 5819, 'weight': 7862, 'city': 15},\n",
    "      {'profit': 7745, 'weight': 5852, 'city': 15},\n",
    "      {'profit': 1554, 'weight': 7572, 'city': 16},\n",
    "      {'profit': 6965, 'weight': 1096, 'city': 16},\n",
    "      {'profit': 6384, 'weight': 3358, 'city': 16},\n",
    "      {'profit': 9258, 'weight': 4919, 'city': 17},\n",
    "      {'profit':  720, 'weight': 5452, 'city': 17},\n",
    "      {'profit': 3739, 'weight': 6569, 'city': 17},\n",
    "      {'profit':  386, 'weight': 6554, 'city': 18},\n",
    "      {'profit': 8165, 'weight': 7250, 'city': 18},\n",
    "      {'profit': 5004, 'weight': 7364, 'city': 18},\n",
    "      {'profit': 3585, 'weight': 6387, 'city': 19},\n",
    "      {'profit': 9446, 'weight': 4498, 'city': 19},\n",
    "      {'profit': 1557, 'weight': 2521, 'city': 19},\n",
    "      {'profit':  201, 'weight': 4075, 'city': 20},\n",
    "      {'profit': 8091, 'weight': 5227, 'city': 20},\n",
    "      {'profit': 5283, 'weight': 1461, 'city': 20}\n",
    "  ]\n",
    "\n",
    "#   items = {0: {'city': 2, 'profit': 8538, 'weight': 2669},\n",
    "#  1: {'city': 3, 'profit': 7616, 'weight': 1421},\n",
    "#  2: {'city': 4, 'profit': 3180, 'weight': 1297},\n",
    "#  3: {'city': 5, 'profit': 9833, 'weight': 845},\n",
    "#  4: {'city': 6, 'profit': 2285, 'weight': 5523},\n",
    "#  5: {'city': 7, 'profit': 1580, 'weight': 5729},\n",
    "#  6: {'city': 8, 'profit': 2861, 'weight': 1992},\n",
    "#  7: {'city': 9, 'profit': 7931, 'weight': 1898},\n",
    "#  8: {'city': 10, 'profit': 5866, 'weight': 6913},\n",
    "#  9: {'city': 11, 'profit': 6024, 'weight': 8422},\n",
    "#  10: {'city': 12, 'profit': 2768, 'weight': 2294},\n",
    "#  11: {'city': 13, 'profit': 3950, 'weight': 3904},\n",
    "#  12: {'city': 14, 'profit': 5519, 'weight': 9591},\n",
    "#  13: {'city': 15, 'profit': 9415, 'weight': 8788},\n",
    "#  14: {'city': 16, 'profit': 1554, 'weight': 7572},\n",
    "#  15: {'city': 17, 'profit': 9258, 'weight': 4919},\n",
    "#  16: {'city': 18, 'profit': 386, 'weight': 6554},\n",
    "#  17: {'city': 19, 'profit': 3585, 'weight': 6387},\n",
    "#  18: {'city': 20, 'profit': 201, 'weight': 4075},\n",
    "#  19: {'city': 2, 'profit': 7905, 'weight': 3909},\n",
    "#  20: {'city': 3, 'profit': 2963, 'weight': 5992},\n",
    "#  21: {'city': 4, 'profit': 9590, 'weight': 7714},\n",
    "#  22: {'city': 5, 'profit': 9476, 'weight': 6121},\n",
    "#  23: {'city': 6, 'profit': 6201, 'weight': 4137},\n",
    "#  24: {'city': 7, 'profit': 3348, 'weight': 1491},\n",
    "#  25: {'city': 8, 'profit': 4046, 'weight': 7798},\n",
    "#  26: {'city': 9, 'profit': 1241, 'weight': 7812},\n",
    "#  27: {'city': 10, 'profit': 6889, 'weight': 5444},\n",
    "#  28: {'city': 11, 'profit': 5534, 'weight': 7421},\n",
    "#  29: {'city': 12, 'profit': 1826, 'weight': 2785},\n",
    "#  30: {'city': 13, 'profit': 9961, 'weight': 5755},\n",
    "#  31: {'city': 14, 'profit': 2600, 'weight': 1281},\n",
    "#  32: {'city': 15, 'profit': 5819, 'weight': 7862},\n",
    "#  33: {'city': 16, 'profit': 6965, 'weight': 1096},\n",
    "#  34: {'city': 17, 'profit': 720, 'weight': 5452},\n",
    "#  35: {'city': 18, 'profit': 8165, 'weight': 7250},\n",
    "#  36: {'city': 19, 'profit': 9446, 'weight': 4498},\n",
    "#  37: {'city': 20, 'profit': 8091, 'weight': 5227},\n",
    "#  38: {'city': 2, 'profit': 9282, 'weight': 8295},\n",
    "#  39: {'city': 3, 'profit': 5596, 'weight': 7664},\n",
    "#  40: {'city': 4, 'profit': 1788, 'weight': 771},\n",
    "#  41: {'city': 5, 'profit': 2006, 'weight': 4944},\n",
    "#  42: {'city': 6, 'profit': 2817, 'weight': 1930},\n",
    "#  43: {'city': 7, 'profit': 2620, 'weight': 6089},\n",
    "#  44: {'city': 8, 'profit': 7553, 'weight': 2787},\n",
    "#  45: {'city': 9, 'profit': 1827, 'weight': 8682},\n",
    "#  46: {'city': 10, 'profit': 5827, 'weight': 665},\n",
    "#  47: {'city': 11, 'profit': 666, 'weight': 2669},\n",
    "#  48: {'city': 12, 'profit': 5054, 'weight': 5841},\n",
    "#  49: {'city': 13, 'profit': 579, 'weight': 9657},\n",
    "#  50: {'city': 14, 'profit': 1465, 'weight': 6130},\n",
    "#  51: {'city': 15, 'profit': 7745, 'weight': 5852},\n",
    "#  52: {'city': 16, 'profit': 6384, 'weight': 3358},\n",
    "#  53: {'city': 17, 'profit': 3739, 'weight': 6569},\n",
    "#  54: {'city': 18, 'profit': 5004, 'weight': 7364},\n",
    "#  55: {'city': 19, 'profit': 1557, 'weight': 2521},\n",
    "#  56: {'city': 20, 'profit': 5283, 'weight': 1461}}\n",
    "  return knapsack_capacity, min_speed, max_speed, renting_ratio, distances, items\n",
    "\n",
    "def n10_k15_c5000_l10000_u11000_r49():\n",
    "  knapsack_capacity = 5000\n",
    "  min_speed = 10000\n",
    "  max_speed = 11000\n",
    "  renting_ratio = 49\n",
    "  distances = [\n",
    "      [   0,  50, 547, 256, 390, 220, 738, 273, 389, 361 ],\n",
    "      [  50,   0, 595, 255, 434, 266, 788, 253, 420, 337 ],\n",
    "      [ 547, 595,   0, 552, 416, 410, 222, 651, 326, 722 ],\n",
    "      [ 256, 255, 552,   0, 580, 410, 772, 103, 260, 172 ],\n",
    "      [ 390, 434, 416, 580,   0, 175, 500, 640, 528, 730 ],\n",
    "      [ 220, 266, 410, 410, 175,   0, 563, 465, 405, 556 ],\n",
    "      [ 738, 788, 222, 772, 500, 563,   0, 870, 547, 943 ],\n",
    "      [ 273, 253, 651, 103, 640, 465, 870,   0, 362,  91 ],\n",
    "      [ 389, 420, 326, 260, 528, 405, 547, 362,   0, 416 ],\n",
    "      [ 361, 337, 722, 172, 730, 556, 943,  91, 416,   0 ],\n",
    "    ]\n",
    "  \n",
    "  items = [\n",
    "      {'profit': 5887, 'weight': 9060, 'city':  2},\n",
    "      {'profit': 6860, 'weight': 8916, 'city':  2},\n",
    "      {'profit': 3366, 'weight': 8888, 'city':  2},\n",
    "      {'profit': 7048, 'weight': 1248, 'city':  2},\n",
    "      {'profit': 4476, 'weight': 1284, 'city':  2},\n",
    "      {'profit': 4221, 'weight': 3009, 'city':  2},\n",
    "      {'profit': 1682, 'weight': 2574, 'city':  2},\n",
    "      {'profit': 1061, 'weight': 3431, 'city':  2},\n",
    "      {'profit': 7114, 'weight':  835, 'city':  2},\n",
    "      {'profit':  965, 'weight': 1594, 'city':  2},\n",
    "      {'profit': 8502, 'weight': 7786, 'city':  2},\n",
    "      {'profit': 8310, 'weight': 6166, 'city':  2},\n",
    "      {'profit': 1726, 'weight': 5223, 'city':  2},\n",
    "      {'profit':  757, 'weight': 2174, 'city':  2},\n",
    "      {'profit': 8807, 'weight':  643, 'city':  2},\n",
    "      {'profit': 7363, 'weight': 2200, 'city':  3},\n",
    "      {'profit': 6574, 'weight': 7408, 'city':  3},\n",
    "      {'profit':  503, 'weight': 8693, 'city':  3},\n",
    "      {'profit': 4523, 'weight': 1580, 'city':  3},\n",
    "      {'profit': 4196, 'weight': 5431, 'city':  3},\n",
    "      {'profit': 1505, 'weight': 5045, 'city':  3},\n",
    "      {'profit':  660, 'weight': 6395, 'city':  3},\n",
    "      {'profit': 1052, 'weight': 4376, 'city':  3},\n",
    "      {'profit': 5231, 'weight': 2230, 'city':  3},\n",
    "      {'profit': 4364, 'weight': 6328, 'city':  3},\n",
    "      {'profit': 2019, 'weight': 5076, 'city':  3},\n",
    "      {'profit': 1641, 'weight': 7060, 'city':  3},\n",
    "      {'profit': 4120, 'weight': 8336, 'city':  3},\n",
    "      {'profit': 9228, 'weight': 3465, 'city':  3},\n",
    "      {'profit': 5508, 'weight': 5648, 'city':  3},\n",
    "      {'profit': 8444, 'weight': 6507, 'city':  4},\n",
    "      {'profit': 9670, 'weight': 7983, 'city':  4},\n",
    "      {'profit': 1815, 'weight': 2225, 'city':  4},\n",
    "      {'profit': 7450, 'weight': 8681, 'city':  4},\n",
    "      {'profit': 9252, 'weight': 9625, 'city':  4},\n",
    "      {'profit': 8620, 'weight': 8875, 'city':  4},\n",
    "      {'profit':  595, 'weight': 4873, 'city':  4},\n",
    "      {'profit': 2672, 'weight': 3376, 'city':  4},\n",
    "      {'profit': 6167, 'weight': 6477, 'city':  4},\n",
    "      {'profit': 8637, 'weight': 5412, 'city':  4},\n",
    "      {'profit': 1695, 'weight': 6809, 'city':  4},\n",
    "      {'profit': 5758, 'weight': 2170, 'city':  4},\n",
    "      {'profit': 9519, 'weight': 1162, 'city':  4},\n",
    "      {'profit':  813, 'weight': 5023, 'city':  4},\n",
    "      {'profit': 8843, 'weight': 5238, 'city':  4},\n",
    "      {'profit': 6941, 'weight': 4987, 'city':  5},\n",
    "      {'profit': 5323, 'weight': 5877, 'city':  5},\n",
    "      {'profit': 4567, 'weight': 5429, 'city':  5},\n",
    "      {'profit': 8621, 'weight': 8309, 'city':  5},\n",
    "      {'profit':  241, 'weight': 8720, 'city':  5},\n",
    "      {'profit': 2096, 'weight': 2537, 'city':  5},\n",
    "      {'profit': 5295, 'weight': 5434, 'city':  5},\n",
    "      {'profit': 5466, 'weight': 9489, 'city':  5},\n",
    "      {'profit': 1227, 'weight': 7502, 'city':  5},\n",
    "      {'profit': 4681, 'weight': 7959, 'city':  5},\n",
    "      {'profit': 7540, 'weight': 6066, 'city':  5},\n",
    "      {'profit': 6334, 'weight': 1380, 'city':  5},\n",
    "      {'profit': 9585, 'weight': 1019, 'city':  5},\n",
    "      {'profit': 2304, 'weight':  898, 'city':  5},\n",
    "      {'profit': 8680, 'weight': 8163, 'city':  5},\n",
    "      {'profit': 9530, 'weight': 4227, 'city':  6},\n",
    "      {'profit': 4120, 'weight': 9500, 'city':  6},\n",
    "      {'profit': 5648, 'weight': 6024, 'city':  6},\n",
    "      {'profit': 6164, 'weight': 6695, 'city':  6},\n",
    "      {'profit': 5136, 'weight': 7711, 'city':  6},\n",
    "      {'profit': 9901, 'weight': 5677, 'city':  6},\n",
    "      {'profit': 8818, 'weight': 8415, 'city':  6},\n",
    "      {'profit': 2849, 'weight':  576, 'city':  6},\n",
    "      {'profit': 2530, 'weight': 4198, 'city':  6},\n",
    "      {'profit': 3723, 'weight': 9320, 'city':  6},\n",
    "      {'profit': 2285, 'weight': 1947, 'city':  6},\n",
    "      {'profit': 3124, 'weight': 6835, 'city':  6},\n",
    "      {'profit':  920, 'weight': 1725, 'city':  6},\n",
    "      {'profit': 9040, 'weight': 4453, 'city':  6},\n",
    "      {'profit': 1852, 'weight': 3447, 'city':  6},\n",
    "      {'profit': 4387, 'weight': 1194, 'city':  7},\n",
    "      {'profit': 9458, 'weight': 8724, 'city':  7},\n",
    "      {'profit': 1386, 'weight': 1292, 'city':  7},\n",
    "      {'profit': 3661, 'weight': 2940, 'city':  7},\n",
    "      {'profit': 8480, 'weight': 7179, 'city':  7},\n",
    "      {'profit':  457, 'weight': 9772, 'city':  7},\n",
    "      {'profit': 6131, 'weight': 8073, 'city':  7},\n",
    "      {'profit': 4748, 'weight': 3703, 'city':  7},\n",
    "      {'profit': 3383, 'weight': 9898, 'city':  7},\n",
    "      {'profit': 8187, 'weight': 3953, 'city':  7},\n",
    "      {'profit': 7070, 'weight': 7508, 'city':  7},\n",
    "      {'profit': 6115, 'weight': 9020, 'city':  7},\n",
    "      {'profit': 3193, 'weight': 7999, 'city':  7},\n",
    "      {'profit': 1291, 'weight': 4303, 'city':  7},\n",
    "      {'profit': 6773, 'weight': 3399, 'city':  7},\n",
    "      {'profit':  235, 'weight': 8816, 'city':  8},\n",
    "      {'profit': 6337, 'weight': 8526, 'city':  8},\n",
    "      {'profit': 8080, 'weight': 1351, 'city':  8},\n",
    "      {'profit': 6714, 'weight': 8456, 'city':  8},\n",
    "      {'profit': 9574, 'weight': 9678, 'city':  8},\n",
    "      {'profit': 7072, 'weight':  757, 'city':  8},\n",
    "      {'profit': 5864, 'weight': 7611, 'city':  8},\n",
    "      {'profit':  204, 'weight': 3209, 'city':  8},\n",
    "      {'profit': 5004, 'weight':  190, 'city':  8},\n",
    "      {'profit': 8960, 'weight': 2066, 'city':  8},\n",
    "      {'profit': 5058, 'weight': 8496, 'city':  8},\n",
    "      {'profit': 5270, 'weight': 8996, 'city':  8},\n",
    "      {'profit': 9471, 'weight': 9133, 'city':  8},\n",
    "      {'profit': 4728, 'weight': 8711, 'city':  8},\n",
    "      {'profit': 6840, 'weight': 8980, 'city':  8},\n",
    "      {'profit': 8584, 'weight': 6789, 'city':  9},\n",
    "      {'profit': 9975, 'weight': 9620, 'city':  9},\n",
    "      {'profit': 5142, 'weight': 7514, 'city':  9},\n",
    "      {'profit': 5046, 'weight': 2245, 'city':  9},\n",
    "      {'profit': 8395, 'weight': 7377, 'city':  9},\n",
    "      {'profit': 9705, 'weight': 2399, 'city':  9},\n",
    "      {'profit': 9111, 'weight': 2770, 'city':  9},\n",
    "      {'profit': 4240, 'weight':  257, 'city':  9},\n",
    "      {'profit': 7049, 'weight': 9371, 'city':  9},\n",
    "      {'profit':  693, 'weight': 6135, 'city':  9},\n",
    "      {'profit': 6995, 'weight': 6688, 'city':  9},\n",
    "      {'profit': 4712, 'weight':  400, 'city':  9},\n",
    "      {'profit': 1582, 'weight': 1575, 'city':  9},\n",
    "      {'profit':  178, 'weight': 6381, 'city':  9},\n",
    "      {'profit': 4505, 'weight': 7708, 'city':  9},\n",
    "      {'profit': 4555, 'weight': 6205, 'city': 10},\n",
    "      {'profit': 7987, 'weight': 5613, 'city': 10},\n",
    "      {'profit': 6464, 'weight': 7573, 'city': 10},\n",
    "      {'profit': 2008, 'weight': 8025, 'city': 10},\n",
    "      {'profit': 5908, 'weight': 2470, 'city': 10},\n",
    "      {'profit': 6902, 'weight': 2529, 'city': 10},\n",
    "      {'profit':  397, 'weight': 2919, 'city': 10},\n",
    "      {'profit': 4363, 'weight': 6125, 'city': 10},\n",
    "      {'profit': 2182, 'weight': 9759, 'city': 10},\n",
    "      {'profit': 4804, 'weight': 6865, 'city': 10},\n",
    "      {'profit': 4325, 'weight': 8517, 'city': 10},\n",
    "      {'profit': 4806, 'weight': 6993, 'city': 10},\n",
    "      {'profit': 4583, 'weight': 7202, 'city': 10},\n",
    "      {'profit': 5603, 'weight': 8059, 'city': 10},\n",
    "      {'profit': 3630, 'weight': 8150, 'city': 10}\n",
    "  ]\n",
    "#   items = {\n",
    "#     0: {'city': 2, 'profit': 5887, 'weight': 9060},\n",
    "#  1: {'city': 3, 'profit': 7363, 'weight': 2200},\n",
    "#  2: {'city': 4, 'profit': 8444, 'weight': 6507},\n",
    "#  3: {'city': 5, 'profit': 6941, 'weight': 4987},\n",
    "#  4: {'city': 6, 'profit': 9530, 'weight': 4227},\n",
    "#  5: {'city': 7, 'profit': 4387, 'weight': 1194},\n",
    "#  6: {'city': 8, 'profit': 235, 'weight': 8816},\n",
    "#  7: {'city': 9, 'profit': 8584, 'weight': 6789},\n",
    "#  8: {'city': 10, 'profit': 4555, 'weight': 6205},\n",
    "#  9: {'city': 2, 'profit': 6860, 'weight': 8916},\n",
    "#  10: {'city': 3, 'profit': 6574, 'weight': 7408},\n",
    "#  11: {'city': 4, 'profit': 9670, 'weight': 7983},\n",
    "#  12: {'city': 5, 'profit': 5323, 'weight': 5877},\n",
    "#  13: {'city': 6, 'profit': 4120, 'weight': 9500},\n",
    "#  14: {'city': 7, 'profit': 9458, 'weight': 8724},\n",
    "#  15: {'city': 8, 'profit': 6337, 'weight': 8526},\n",
    "#  16: {'city': 9, 'profit': 9975, 'weight': 9620},\n",
    "#  17: {'city': 10, 'profit': 7987, 'weight': 5613},\n",
    "#  18: {'city': 2, 'profit': 3366, 'weight': 8888},\n",
    "#  19: {'city': 3, 'profit': 503, 'weight': 8693},\n",
    "#  20: {'city': 4, 'profit': 1815, 'weight': 2225},\n",
    "#  21: {'city': 5, 'profit': 4567, 'weight': 5429},\n",
    "#  22: {'city': 6, 'profit': 5648, 'weight': 6024},\n",
    "#  23: {'city': 7, 'profit': 1386, 'weight': 1292},\n",
    "#  24: {'city': 8, 'profit': 8080, 'weight': 1351},\n",
    "#  25: {'city': 9, 'profit': 5142, 'weight': 7514},\n",
    "#  26: {'city': 10, 'profit': 6464, 'weight': 7573},\n",
    "#  27: {'city': 2, 'profit': 7048, 'weight': 1248},\n",
    "#  28: {'city': 3, 'profit': 4523, 'weight': 1580},\n",
    "#  29: {'city': 4, 'profit': 7450, 'weight': 8681},\n",
    "#  30: {'city': 5, 'profit': 8621, 'weight': 8309},\n",
    "#  31: {'city': 6, 'profit': 6164, 'weight': 6695},\n",
    "#  32: {'city': 7, 'profit': 3661, 'weight': 2940},\n",
    "#  33: {'city': 8, 'profit': 6714, 'weight': 8456},\n",
    "#  34: {'city': 9, 'profit': 5046, 'weight': 2245},\n",
    "#  35: {'city': 10, 'profit': 2008, 'weight': 8025},\n",
    "#  36: {'city': 2, 'profit': 4476, 'weight': 1284},\n",
    "#  37: {'city': 3, 'profit': 4196, 'weight': 5431},\n",
    "#  38: {'city': 4, 'profit': 9252, 'weight': 9625},\n",
    "#  39: {'city': 5, 'profit': 241, 'weight': 8720},\n",
    "#  40: {'city': 6, 'profit': 5136, 'weight': 7711},\n",
    "#  41: {'city': 7, 'profit': 8480, 'weight': 7179},\n",
    "#  42: {'city': 8, 'profit': 9574, 'weight': 9678},\n",
    "#  43: {'city': 9, 'profit': 8395, 'weight': 7377},\n",
    "#  44: {'city': 10, 'profit': 5908, 'weight': 2470},\n",
    "#  45: {'city': 2, 'profit': 4221, 'weight': 3009},\n",
    "#  46: {'city': 3, 'profit': 1505, 'weight': 5045},\n",
    "#  47: {'city': 4, 'profit': 8620, 'weight': 8875},\n",
    "#  48: {'city': 5, 'profit': 2096, 'weight': 2537},\n",
    "#  49: {'city': 6, 'profit': 9901, 'weight': 5677},\n",
    "#  50: {'city': 7, 'profit': 457, 'weight': 9772},\n",
    "#  51: {'city': 8, 'profit': 7072, 'weight': 757},\n",
    "#  52: {'city': 9, 'profit': 9705, 'weight': 2399},\n",
    "#  53: {'city': 10, 'profit': 6902, 'weight': 2529},\n",
    "#  54: {'city': 2, 'profit': 1682, 'weight': 2574},\n",
    "#  55: {'city': 3, 'profit': 660, 'weight': 6395},\n",
    "#  56: {'city': 4, 'profit': 595, 'weight': 4873},\n",
    "#  57: {'city': 5, 'profit': 5295, 'weight': 5434},\n",
    "#  58: {'city': 6, 'profit': 8818, 'weight': 8415},\n",
    "#  59: {'city': 7, 'profit': 6131, 'weight': 8073},\n",
    "#  60: {'city': 8, 'profit': 5864, 'weight': 7611},\n",
    "#  61: {'city': 9, 'profit': 9111, 'weight': 2770},\n",
    "#  62: {'city': 10, 'profit': 397, 'weight': 2919},\n",
    "#  63: {'city': 2, 'profit': 1061, 'weight': 3431},\n",
    "#  64: {'city': 3, 'profit': 1052, 'weight': 4376},\n",
    "#  65: {'city': 4, 'profit': 2672, 'weight': 3376},\n",
    "#  66: {'city': 5, 'profit': 5466, 'weight': 9489},\n",
    "#  67: {'city': 6, 'profit': 2849, 'weight': 576},\n",
    "#  68: {'city': 7, 'profit': 4748, 'weight': 3703},\n",
    "#  69: {'city': 8, 'profit': 204, 'weight': 3209},\n",
    "#  70: {'city': 9, 'profit': 4240, 'weight': 257},\n",
    "#  71: {'city': 10, 'profit': 4363, 'weight': 6125},\n",
    "#  72: {'city': 2, 'profit': 7114, 'weight': 835},\n",
    "#  73: {'city': 3, 'profit': 5231, 'weight': 2230},\n",
    "#  74: {'city': 4, 'profit': 6167, 'weight': 6477},\n",
    "#  75: {'city': 5, 'profit': 1227, 'weight': 7502},\n",
    "#  76: {'city': 6, 'profit': 2530, 'weight': 4198},\n",
    "#  77: {'city': 7, 'profit': 3383, 'weight': 9898},\n",
    "#  78: {'city': 8, 'profit': 5004, 'weight': 190},\n",
    "#  79: {'city': 9, 'profit': 7049, 'weight': 9371},\n",
    "#  80: {'city': 10, 'profit': 2182, 'weight': 9759},\n",
    "#  81: {'city': 2, 'profit': 965, 'weight': 1594},\n",
    "#  82: {'city': 3, 'profit': 4364, 'weight': 6328},\n",
    "#  83: {'city': 4, 'profit': 8637, 'weight': 5412},\n",
    "#  84: {'city': 5, 'profit': 4681, 'weight': 7959},\n",
    "#  85: {'city': 6, 'profit': 3723, 'weight': 9320},\n",
    "#  86: {'city': 7, 'profit': 8187, 'weight': 3953},\n",
    "#  87: {'city': 8, 'profit': 8960, 'weight': 2066},\n",
    "#  88: {'city': 9, 'profit': 693, 'weight': 6135},\n",
    "#  89: {'city': 10, 'profit': 4804, 'weight': 6865},\n",
    "#  90: {'city': 2, 'profit': 8502, 'weight': 7786},\n",
    "#  91: {'city': 3, 'profit': 2019, 'weight': 5076},\n",
    "#  92: {'city': 4, 'profit': 1695, 'weight': 6809},\n",
    "#  93: {'city': 5, 'profit': 7540, 'weight': 6066},\n",
    "#  94: {'city': 6, 'profit': 2285, 'weight': 1947},\n",
    "#  95: {'city': 7, 'profit': 7070, 'weight': 7508},\n",
    "#  96: {'city': 8, 'profit': 5058, 'weight': 8496},\n",
    "#  97: {'city': 9, 'profit': 6995, 'weight': 6688},\n",
    "#  98: {'city': 10, 'profit': 4325, 'weight': 8517},\n",
    "#  99: {'city': 2, 'profit': 8310, 'weight': 6166},\n",
    "#  100: {'city': 3, 'profit': 1641, 'weight': 7060},\n",
    "#  101: {'city': 4, 'profit': 5758, 'weight': 2170},\n",
    "#  102: {'city': 5, 'profit': 6334, 'weight': 1380},\n",
    "#  103: {'city': 6, 'profit': 3124, 'weight': 6835},\n",
    "#  104: {'city': 7, 'profit': 6115, 'weight': 9020},\n",
    "#  105: {'city': 8, 'profit': 5270, 'weight': 8996},\n",
    "#  106: {'city': 9, 'profit': 4712, 'weight': 400},\n",
    "#  107: {'city': 10, 'profit': 4806, 'weight': 6993},\n",
    "#  108: {'city': 2, 'profit': 1726, 'weight': 5223},\n",
    "#  109: {'city': 3, 'profit': 4120, 'weight': 8336},\n",
    "#  110: {'city': 4, 'profit': 9519, 'weight': 1162},\n",
    "#  111: {'city': 5, 'profit': 9585, 'weight': 1019},\n",
    "#  112: {'city': 6, 'profit': 920, 'weight': 1725},\n",
    "#  113: {'city': 7, 'profit': 3193, 'weight': 7999},\n",
    "#  114: {'city': 8, 'profit': 9471, 'weight': 9133},\n",
    "#  115: {'city': 9, 'profit': 1582, 'weight': 1575},\n",
    "#  116: {'city': 10, 'profit': 4583, 'weight': 7202},\n",
    "#  117: {'city': 2, 'profit': 757, 'weight': 2174},\n",
    "#  118: {'city': 3, 'profit': 9228, 'weight': 3465},\n",
    "#  119: {'city': 4, 'profit': 813, 'weight': 5023},\n",
    "#  120: {'city': 5, 'profit': 2304, 'weight': 898},\n",
    "#  121: {'city': 6, 'profit': 9040, 'weight': 4453},\n",
    "#  122: {'city': 7, 'profit': 1291, 'weight': 4303},\n",
    "#  123: {'city': 8, 'profit': 4728, 'weight': 8711},\n",
    "#  124: {'city': 9, 'profit': 178, 'weight': 6381},\n",
    "#  125: {'city': 10, 'profit': 5603, 'weight': 8059},\n",
    "#  126: {'city': 2, 'profit': 8807, 'weight': 643},\n",
    "#  127: {'city': 3, 'profit': 5508, 'weight': 5648},\n",
    "#  128: {'city': 4, 'profit': 8843, 'weight': 5238},\n",
    "#  129: {'city': 5, 'profit': 8680, 'weight': 8163},\n",
    "#  130: {'city': 6, 'profit': 1852, 'weight': 3447},\n",
    "#  131: {'city': 7, 'profit': 6773, 'weight': 3399},\n",
    "#  132: {'city': 8, 'profit': 6840, 'weight': 8980},\n",
    "#  133: {'city': 9, 'profit': 4505, 'weight': 7708},\n",
    "#  134: {'city': 10, 'profit': 3630, 'weight': 8150}}\n",
    "  return knapsack_capacity, min_speed, max_speed, renting_ratio, distances, items\n",
    "\n",
    "def n20_k15_c5000_l100_u200_r32():\n",
    "  knapsack_capacity = 5000\n",
    "  min_speed = 100\n",
    "  max_speed = 200\n",
    "  renting_ratio = 32\n",
    "  distances = [\n",
    "    [   0,  757,  211,  497,  439,  376,  344,  498,  279,  497,  127,  381,  472,  534,  150,  480,  453,  273,  247,  253],\n",
    "    [ 757,    0,  605,  313, 1196,  405,  787,  742,  935,  654,  771, 1071,  294,  401,  867,  551,  373,  641,  734,  538],\n",
    "    [ 211,  605,    0,  412,  623,  200,  485,  595,  483,  309,  308,  466,  311,  326,  270,  506,  258,  354,  150,   67],\n",
    "    [ 497,  313,  412,    0,  925,  262,  474,  441,  632,  605,  481,  857,  198,  411,  632,  255,  311,  331,  561,  350],\n",
    "    [ 439, 1196,  623,  925,    0,  810,  585,  763,  365,  826,  449,  313,  910,  944,  358,  838,  880,  631,  563,  680],\n",
    "    [ 376,  405,  200,  262,  810,    0,  539,  591,  610,  344,  430,  666,  112,  199,  467,  446,   91,  381,  332,  135],\n",
    "    [ 344,  787,  485,  474,  585,  539,    0,  180,  221,  794,  220,  682,  580,  738,  474,  283,  630,  160,  580,  483],\n",
    "    [ 498,  742,  595,  441,  763,  591,  180,    0,  398,  893,  383,  855,  598,  787,  639,  191,  675,  242,  713,  574],\n",
    "    [ 279,  935,  483,  632,  365,  610,  221,  398,    0,  776,  181,  510,  683,  792,  348,  491,  697,  305,  520,  510],\n",
    "    [ 497,  654,  309,  605,  826,  344,  794,  893,  776,    0,  611,  568,  422,  253,  480,  776,  306,  656,  270,  319],\n",
    "    [ 127,  771,  308,  481,  449,  430,  220,  383,  181,  611,    0,  474,  507,  611,  256,  400,  516,  187,  372,  330],\n",
    "    [ 381, 1071,  466,  857,  313,  666,  682,  855,  510,  568,  474,    0,  777,  743,  232,  861,  711,  650,  347,  533],\n",
    "    [ 472,  294,  311,  198,  910,  112,  580,  598,  683,  422,  507,  777,    0,  213,  574,  429,  117,  420,  444,  244],\n",
    "    [ 534,  401,  326,  411,  944,  199,  738,  787,  792,  253,  611,  743,  213,    0,  586,  632,  112,  580,  398,  283],\n",
    "    [ 150,  867,  270,  632,  358,  467,  474,  639,  348,  480,  256,  232,  574,  586,    0,  630,  528,  422,  211,  332],\n",
    "    [ 480,  551,  506,  255,  838,  446,  283,  191,  491,  776,  400,  861,  429,  632,  630,    0,  522,  214,  645,  466],\n",
    "    [ 453,  373,  258,  311,  880,   91,  630,  675,  697,  306,  516,  711,  117,  112,  528,  522,    0,  471,  366,  201],\n",
    "    [ 273,  641,  354,  331,  631,  381,  160,  242,  305,  656,  187,  650,  420,  580,  422,  214,  471,    0,  472,  338],\n",
    "    [ 247,  734,  150,  561,  563,  332,  580,  713,  520,  270,  372,  347,  444,  398,  211,  645,  366,  472,    0,  212],\n",
    "    [ 253,  538,   67,  350,  680,  135,  483,  574,  510,  319,  330,  533,  244,  283,  332,  466,  201,  338,  212,    0],\n",
    "  ]\n",
    "\n",
    "  items = [\n",
    "      {'profit': 8403, 'weight': 5010, 'city':  2},\n",
    "      {'profit': 4513, 'weight': 4020, 'city':  2},\n",
    "      {'profit': 4293, 'weight':  327, 'city':  2},\n",
    "      {'profit': 3882, 'weight': 8263, 'city':  2},\n",
    "      {'profit': 2671, 'weight': 8041, 'city':  2},\n",
    "      {'profit': 9830, 'weight': 5480, 'city':  2},\n",
    "      {'profit': 3996, 'weight': 9416, 'city':  2},\n",
    "      {'profit': 6081, 'weight': 9181, 'city':  2},\n",
    "      {'profit': 8024, 'weight': 3101, 'city':  2},\n",
    "      {'profit': 7527, 'weight': 8686, 'city':  2},\n",
    "      {'profit': 6995, 'weight': 1944, 'city':  2},\n",
    "      {'profit': 7945, 'weight': 1023, 'city':  2},\n",
    "      {'profit': 8111, 'weight': 1368, 'city':  2},\n",
    "      {'profit': 8219, 'weight': 6087, 'city':  2},\n",
    "      {'profit': 6780, 'weight':  747, 'city':  2},\n",
    "      {'profit': 9679, 'weight': 1726, 'city':  3},\n",
    "      {'profit': 1000, 'weight': 5952, 'city':  3},\n",
    "      {'profit': 5045, 'weight': 7052, 'city':  3},\n",
    "      {'profit': 6364, 'weight': 7605, 'city':  3},\n",
    "      {'profit': 6126, 'weight': 7675, 'city':  3},\n",
    "      {'profit': 6075, 'weight': 9685, 'city':  3},\n",
    "      {'profit': 5192, 'weight': 9649, 'city':  3},\n",
    "      {'profit': 7820, 'weight': 2363, 'city':  3},\n",
    "      {'profit': 5141, 'weight': 7093, 'city':  3},\n",
    "      {'profit': 2524, 'weight': 6691, 'city':  3},\n",
    "      {'profit': 9532, 'weight': 5098, 'city':  3},\n",
    "      {'profit': 7447, 'weight': 9079, 'city':  3},\n",
    "      {'profit': 4940, 'weight': 6313, 'city':  3},\n",
    "      {'profit': 8276, 'weight':  207, 'city':  3},\n",
    "      {'profit': 3350, 'weight': 6381, 'city':  3},\n",
    "      {'profit': 6201, 'weight': 1759, 'city':  4},\n",
    "      {'profit': 7069, 'weight': 2120, 'city':  4},\n",
    "      {'profit': 7466, 'weight': 4257, 'city':  4},\n",
    "      {'profit': 9125, 'weight': 8453, 'city':  4},\n",
    "      {'profit': 8181, 'weight': 2813, 'city':  4},\n",
    "      {'profit': 2371, 'weight': 3791, 'city':  4},\n",
    "      {'profit': 4868, 'weight': 8547, 'city':  4},\n",
    "      {'profit': 4895, 'weight': 4577, 'city':  4},\n",
    "      {'profit': 7267, 'weight':  640, 'city':  4},\n",
    "      {'profit': 6859, 'weight': 2638, 'city':  4},\n",
    "      {'profit': 9123, 'weight': 3179, 'city':  4},\n",
    "      {'profit':  332, 'weight': 5754, 'city':  4},\n",
    "      {'profit': 4734, 'weight': 4883, 'city':  4},\n",
    "      {'profit': 6558, 'weight': 3161, 'city':  4},\n",
    "      {'profit': 4544, 'weight': 1943, 'city':  4},\n",
    "      {'profit': 9550, 'weight': 9705, 'city':  5},\n",
    "      {'profit': 6109, 'weight': 7384, 'city':  5},\n",
    "      {'profit': 3789, 'weight': 9132, 'city':  5},\n",
    "      {'profit':  386, 'weight': 6905, 'city':  5},\n",
    "      {'profit': 3336, 'weight': 6137, 'city':  5},\n",
    "      {'profit': 4629, 'weight': 3173, 'city':  5},\n",
    "      {'profit': 1615, 'weight':  479, 'city':  5},\n",
    "      {'profit': 2696, 'weight': 9871, 'city':  5},\n",
    "      {'profit': 8797, 'weight':  473, 'city':  5},\n",
    "      {'profit': 4039, 'weight': 1188, 'city':  5},\n",
    "      {'profit': 9229, 'weight': 2946, 'city':  5},\n",
    "      {'profit': 9613, 'weight': 4976, 'city':  5},\n",
    "      {'profit': 3211, 'weight': 3973, 'city':  5},\n",
    "      {'profit': 3635, 'weight': 2415, 'city':  5},\n",
    "      {'profit': 4964, 'weight': 3650, 'city':  5},\n",
    "      {'profit': 5964, 'weight':  311, 'city':  6},\n",
    "      {'profit': 6536, 'weight': 8326, 'city':  6},\n",
    "      {'profit': 5356, 'weight': 1522, 'city':  6},\n",
    "      {'profit': 9237, 'weight': 3739, 'city':  6},\n",
    "      {'profit': 4088, 'weight': 4539, 'city':  6},\n",
    "      {'profit': 1930, 'weight': 3661, 'city':  6},\n",
    "      {'profit': 5256, 'weight': 8108, 'city':  6},\n",
    "      {'profit': 8809, 'weight': 4371, 'city':  6},\n",
    "      {'profit': 6519, 'weight': 7017, 'city':  6},\n",
    "      {'profit': 1583, 'weight': 1522, 'city':  6},\n",
    "      {'profit': 6754, 'weight': 4658, 'city':  6},\n",
    "      {'profit': 3945, 'weight': 3318, 'city':  6},\n",
    "      {'profit': 4829, 'weight': 6010, 'city':  6},\n",
    "      {'profit': 7946, 'weight': 1774, 'city':  6},\n",
    "      {'profit': 7828, 'weight': 6437, 'city':  6},\n",
    "      {'profit': 6260, 'weight': 1680, 'city':  7},\n",
    "      {'profit': 6149, 'weight': 2337, 'city':  7},\n",
    "      {'profit': 4877, 'weight': 8887, 'city':  7},\n",
    "      {'profit':  446, 'weight': 2715, 'city':  7},\n",
